3.8852654429379183
2.8911247484912592
4.171819452956937
6.335878714510617
2.7665803641076243
2.7666011811232547
6.509814432951147
4.414994942824357
2.485089731589415
3.970006885360622
2.4919272173188523
2.4893146557597516
3.448186487432474
1.3259321945037867
1.4340981452346053
2.382860642296026
1.9487638605082256
3.5666023950570076
2.0411983681285575
1.637698857664558
6.163206087378517
2.7772243580683997
3.1794543435513303
1.628971218190871
2.4022143425557596
3.244133637957518
1.8340831731770026
3.670690679151938
2.3419844697357943
2.694661518420864
2.340857415410025
7.428403908533498
3.0623789711336626
1.9106395472365856
4.53189739102578
1.779050812031834
3.395377048981461
1.3008202176880768
1.6981385753831408
3.3764419992110195
4.354825793793798
3.3365990668965555
2.9213798371182125
2.68309577574947
1.5918763821327597
2.2198216067080945
2.49507131753879
5.067158081141549
3.615953515812252
1.4113768088878391
3.5830499438047436
2.5822525039060773
2.2629721823544053
4.101489863697261
5.004397881271229
4.772217976379022
2.1045700212378806
2.6731729716900663
3.5951056801831824
4.87385419520842
2.4741824762096063
2.8288203997638046
1.8702887936276287
1.7982424169491913
4.510404123885473
5.847387984722593
2.980733628878446
4.9392870224909835
3.646588796055126
2.2955462258596837
3.64617819497221
6.381860490611277
3.030940538847079
6.46423976521315
1.0
4.530516044829449
3.208373606259797
2.6856676796750873
3.215399875485489
1.285996025566208
2.78500881459298
3.6388716711162714
6.199640227009965
2.4307523556045174
2.133578910892262
2.4489926533766697
4.736305436521589
3.590882072007757
2.4181491857831467
3.915638662445506
3.2233449735073343
4.857862524774793
2.2375950763560497
2.6507448497246306
2.5740060679658763
1.602128573155308
3.536503764190521
3.479049508793809
3.088851885368649
2.766030439105604
1.6355428172374649
2.5408075144668736
2.632599353283524
2.139502643344497
2.8606767138615328
3.7198050411220436
7.551473425464079
3.34158734313943
3.4733619165720904
2.977386383720558
1.3229293162486826
3.0440091877342392
3.1687138769524292
10.0
2.820128613646414
3.5454864101556263
3.032501096558812
1.8199679988886457
5.2789069966124575
